Entity
{
Vertices: -0.5 0.5 -0.5 -0.5 -0.5 -0.5 0.5 -0.5 -0.5 0.5 0.5 -0.5 -0.5 0.5 0.5 -0.5 -0.5 0.5 0.5 -0.5 0.5 0.5 0.5 0.5 0.5 0.5 -0.5 0.5 -0.5 -0.5 0.5 -0.5 0.5 0.5 0.5 0.5 -0.5 0.5 -0.5 -0.5 -0.5 -0.5 -0.5 -0.5 0.5 -0.5 0.5 0.5 -0.5 0.5 0.5 -0.5 0.5 -0.5 0.5 0.5 -0.5 0.5 0.5 0.5 -0.5 -0.5 0.5 -0.5 -0.5 -0.5 0.5 -0.5 -0.5 0.5 -0.5 0.5 
TexCoords: 0.0 0.0 0.0 1.0 1.0 1.0 1.0 0.0 0.0 0.0 0.0 1.0 1.0 1.0 1.0 0.0 0.0 0.0 0.0 1.0 1.0 1.0 1.0 0.0 0.0 0.0 0.0 1.0 1.0 1.0 1.0 0.0 0.0 0.0 0.0 1.0 1.0 1.0 1.0 0.0 0.0 0.0 0.0 1.0 1.0 1.0 1.0 0.0 
Normals: 0.0 0.0 -1.0 0.0 0.0 -1.0 0.0 0.0 -1.0 0.0 0.0 -1.0 0.0 0.0 1.0 0.0 0.0 1.0 0.0 0.0 1.0 0.0 0.0 1.0 1.0 0.0 0.0 1.0 0.0 0.0 1.0 0.0 0.0 1.0 0.0 0.0 -1.0 0.0 0.0 -1.0 0.0 0.0 -1.0 0.0 0.0 -1.0 0.0 0.0 0.0 1.0 0.0 0.0 1.0 0.0 0.0 1.0 0.0 0.0 1.0 0.0 0.0 -1.0 0.0 0.0 -1.0 0.0 0.0 -1.0 0.0 0.0 -1.0 0.0 
Indices: 0 1 3 3 1 2 4 5 7 7 5 6 8 9 11 11 9 10 12 13 15 15 13 14 16 17 19 19 17 18 20 21 23 23 21 22 
Position: -490.0 0.0 0.0
Rotation: 0.0 0.0 0.0
Scale: 1000.0 1.0 5.0
Tint: 1.0 1.0 1.0
Color: 0.0 0.0 0.0
Reflectivity: 0.0
SpecularStrength: 1.0
TexturePath: res/textures/white.png
CollisionMask: null
}
DuplicateEntity
{
Vertices: -0.5 0.5 -0.5 -0.5 -0.5 -0.5 0.5 -0.5 -0.5 0.5 0.5 -0.5 -0.5 0.5 0.5 -0.5 -0.5 0.5 0.5 -0.5 0.5 0.5 0.5 0.5 0.5 0.5 -0.5 0.5 -0.5 -0.5 0.5 -0.5 0.5 0.5 0.5 0.5 -0.5 0.5 -0.5 -0.5 -0.5 -0.5 -0.5 -0.5 0.5 -0.5 0.5 0.5 -0.5 0.5 0.5 -0.5 0.5 -0.5 0.5 0.5 -0.5 0.5 0.5 0.5 -0.5 -0.5 0.5 -0.5 -0.5 -0.5 0.5 -0.5 -0.5 0.5 -0.5 0.5 
TexCoords: 0.0 0.0 0.0 1.0 1.0 1.0 1.0 0.0 0.0 0.0 0.0 1.0 1.0 1.0 1.0 0.0 0.0 0.0 0.0 1.0 1.0 1.0 1.0 0.0 0.0 0.0 0.0 1.0 1.0 1.0 1.0 0.0 0.0 0.0 0.0 1.0 1.0 1.0 1.0 0.0 0.0 0.0 0.0 1.0 1.0 1.0 1.0 0.0 
Normals: 0.0 0.0 -1.0 0.0 0.0 -1.0 0.0 0.0 -1.0 0.0 0.0 -1.0 0.0 0.0 1.0 0.0 0.0 1.0 0.0 0.0 1.0 0.0 0.0 1.0 1.0 0.0 0.0 1.0 0.0 0.0 1.0 0.0 0.0 1.0 0.0 0.0 -1.0 0.0 0.0 -1.0 0.0 0.0 -1.0 0.0 0.0 -1.0 0.0 0.0 0.0 1.0 0.0 0.0 1.0 0.0 0.0 1.0 0.0 0.0 1.0 0.0 0.0 -1.0 0.0 0.0 -1.0 0.0 0.0 -1.0 0.0 0.0 -1.0 0.0 
Indices: 0 1 3 3 1 2 4 5 7 7 5 6 8 9 11 11 9 10 12 13 15 15 13 14 16 17 19 19 17 18 20 21 23 23 21 22 
Position: -5.2949944 1.0 1.3097595
Rotation: 0.0 0.0 0.0
Scale: 1.0 1.0 2.5
Tint: 1.0 1.0 1.0
Color: 0.2 0.2 0.2
Reflectivity: 0.0
SpecularStrength: 1.0
TexturePath: res/textures/white.png
CollisionMask: Obstacle
}
DuplicateEntity3
{
Vertices: -0.5 0.5 -0.5 -0.5 -0.5 -0.5 0.5 -0.5 -0.5 0.5 0.5 -0.5 -0.5 0.5 0.5 -0.5 -0.5 0.5 0.5 -0.5 0.5 0.5 0.5 0.5 0.5 0.5 -0.5 0.5 -0.5 -0.5 0.5 -0.5 0.5 0.5 0.5 0.5 -0.5 0.5 -0.5 -0.5 -0.5 -0.5 -0.5 -0.5 0.5 -0.5 0.5 0.5 -0.5 0.5 0.5 -0.5 0.5 -0.5 0.5 0.5 -0.5 0.5 0.5 0.5 -0.5 -0.5 0.5 -0.5 -0.5 -0.5 0.5 -0.5 -0.5 0.5 -0.5 0.5 
TexCoords: 0.0 0.0 0.0 1.0 1.0 1.0 1.0 0.0 0.0 0.0 0.0 1.0 1.0 1.0 1.0 0.0 0.0 0.0 0.0 1.0 1.0 1.0 1.0 0.0 0.0 0.0 0.0 1.0 1.0 1.0 1.0 0.0 0.0 0.0 0.0 1.0 1.0 1.0 1.0 0.0 0.0 0.0 0.0 1.0 1.0 1.0 1.0 0.0 
Normals: 0.0 0.0 -1.0 0.0 0.0 -1.0 0.0 0.0 -1.0 0.0 0.0 -1.0 0.0 0.0 1.0 0.0 0.0 1.0 0.0 0.0 1.0 0.0 0.0 1.0 1.0 0.0 0.0 1.0 0.0 0.0 1.0 0.0 0.0 1.0 0.0 0.0 -1.0 0.0 0.0 -1.0 0.0 0.0 -1.0 0.0 0.0 -1.0 0.0 0.0 0.0 1.0 0.0 0.0 1.0 0.0 0.0 1.0 0.0 0.0 1.0 0.0 0.0 -1.0 0.0 0.0 -1.0 0.0 0.0 -1.0 0.0 0.0 -1.0 0.0 
Indices: 0 1 3 3 1 2 4 5 7 7 5 6 8 9 11 11 9 10 12 13 15 15 13 14 16 17 19 19 17 18 20 21 23 23 21 22 
Position: -43.42577 1.0 -1.2502146
Rotation: 0.0 0.0 0.0
Scale: 1.0 1.0 2.5
Tint: 0.6901961 0.69803923 0.72156864
Color: 0.2 0.2 0.2
Reflectivity: 0.0
SpecularStrength: 1.0
TexturePath: res/textures/white.png
CollisionMask: Obstacle
}
DuplicateEntity2
{
Vertices: -0.5 0.5 -0.5 -0.5 -0.5 -0.5 0.5 -0.5 -0.5 0.5 0.5 -0.5 -0.5 0.5 0.5 -0.5 -0.5 0.5 0.5 -0.5 0.5 0.5 0.5 0.5 0.5 0.5 -0.5 0.5 -0.5 -0.5 0.5 -0.5 0.5 0.5 0.5 0.5 -0.5 0.5 -0.5 -0.5 -0.5 -0.5 -0.5 -0.5 0.5 -0.5 0.5 0.5 -0.5 0.5 0.5 -0.5 0.5 -0.5 0.5 0.5 -0.5 0.5 0.5 0.5 -0.5 -0.5 0.5 -0.5 -0.5 -0.5 0.5 -0.5 -0.5 0.5 -0.5 0.5 
TexCoords: 0.0 0.0 0.0 1.0 1.0 1.0 1.0 0.0 0.0 0.0 0.0 1.0 1.0 1.0 1.0 0.0 0.0 0.0 0.0 1.0 1.0 1.0 1.0 0.0 0.0 0.0 0.0 1.0 1.0 1.0 1.0 0.0 0.0 0.0 0.0 1.0 1.0 1.0 1.0 0.0 0.0 0.0 0.0 1.0 1.0 1.0 1.0 0.0 
Normals: 0.0 0.0 -1.0 0.0 0.0 -1.0 0.0 0.0 -1.0 0.0 0.0 -1.0 0.0 0.0 1.0 0.0 0.0 1.0 0.0 0.0 1.0 0.0 0.0 1.0 1.0 0.0 0.0 1.0 0.0 0.0 1.0 0.0 0.0 1.0 0.0 0.0 -1.0 0.0 0.0 -1.0 0.0 0.0 -1.0 0.0 0.0 -1.0 0.0 0.0 0.0 1.0 0.0 0.0 1.0 0.0 0.0 1.0 0.0 0.0 1.0 0.0 0.0 -1.0 0.0 0.0 -1.0 0.0 0.0 -1.0 0.0 0.0 -1.0 0.0 
Indices: 0 1 3 3 1 2 4 5 7 7 5 6 8 9 11 11 9 10 12 13 15 15 13 14 16 17 19 19 17 18 20 21 23 23 21 22 
Position: -34.0 1.0 -1.81409
Rotation: 0.0 0.0 0.0
Scale: 1.0 1.0 1.8
Tint: 1.0 1.0 1.0
Color: 0.2 0.2 0.2
Reflectivity: 0.0
SpecularStrength: 1.0
TexturePath: res/textures/white.png
CollisionMask: Obstacle
}
DuplicateEntity1
{
Vertices: -0.5 0.5 -0.5 -0.5 -0.5 -0.5 0.5 -0.5 -0.5 0.5 0.5 -0.5 -0.5 0.5 0.5 -0.5 -0.5 0.5 0.5 -0.5 0.5 0.5 0.5 0.5 0.5 0.5 -0.5 0.5 -0.5 -0.5 0.5 -0.5 0.5 0.5 0.5 0.5 -0.5 0.5 -0.5 -0.5 -0.5 -0.5 -0.5 -0.5 0.5 -0.5 0.5 0.5 -0.5 0.5 0.5 -0.5 0.5 -0.5 0.5 0.5 -0.5 0.5 0.5 0.5 -0.5 -0.5 0.5 -0.5 -0.5 -0.5 0.5 -0.5 -0.5 0.5 -0.5 0.5 
TexCoords: 0.0 0.0 0.0 1.0 1.0 1.0 1.0 0.0 0.0 0.0 0.0 1.0 1.0 1.0 1.0 0.0 0.0 0.0 0.0 1.0 1.0 1.0 1.0 0.0 0.0 0.0 0.0 1.0 1.0 1.0 1.0 0.0 0.0 0.0 0.0 1.0 1.0 1.0 1.0 0.0 0.0 0.0 0.0 1.0 1.0 1.0 1.0 0.0 
Normals: 0.0 0.0 -1.0 0.0 0.0 -1.0 0.0 0.0 -1.0 0.0 0.0 -1.0 0.0 0.0 1.0 0.0 0.0 1.0 0.0 0.0 1.0 0.0 0.0 1.0 1.0 0.0 0.0 1.0 0.0 0.0 1.0 0.0 0.0 1.0 0.0 0.0 -1.0 0.0 0.0 -1.0 0.0 0.0 -1.0 0.0 0.0 -1.0 0.0 0.0 0.0 1.0 0.0 0.0 1.0 0.0 0.0 1.0 0.0 0.0 1.0 0.0 0.0 -1.0 0.0 0.0 -1.0 0.0 0.0 -1.0 0.0 0.0 -1.0 0.0 
Indices: 0 1 3 3 1 2 4 5 7 7 5 6 8 9 11 11 9 10 12 13 15 15 13 14 16 17 19 19 17 18 20 21 23 23 21 22 
Position: -34.0 1.0 1.5
Rotation: 0.0 0.0 0.0
Scale: 1.0 1.0 1.8
Tint: 1.0 1.0 1.0
Color: 0.2 0.2 0.2
Reflectivity: 0.0
SpecularStrength: 1.0
TexturePath: res/textures/white.png
CollisionMask: Obstacle
}
DuplicateEntity0
{
Vertices: -0.5 0.5 -0.5 -0.5 -0.5 -0.5 0.5 -0.5 -0.5 0.5 0.5 -0.5 -0.5 0.5 0.5 -0.5 -0.5 0.5 0.5 -0.5 0.5 0.5 0.5 0.5 0.5 0.5 -0.5 0.5 -0.5 -0.5 0.5 -0.5 0.5 0.5 0.5 0.5 -0.5 0.5 -0.5 -0.5 -0.5 -0.5 -0.5 -0.5 0.5 -0.5 0.5 0.5 -0.5 0.5 0.5 -0.5 0.5 -0.5 0.5 0.5 -0.5 0.5 0.5 0.5 -0.5 -0.5 0.5 -0.5 -0.5 -0.5 0.5 -0.5 -0.5 0.5 -0.5 0.5 
TexCoords: 0.0 0.0 0.0 1.0 1.0 1.0 1.0 0.0 0.0 0.0 0.0 1.0 1.0 1.0 1.0 0.0 0.0 0.0 0.0 1.0 1.0 1.0 1.0 0.0 0.0 0.0 0.0 1.0 1.0 1.0 1.0 0.0 0.0 0.0 0.0 1.0 1.0 1.0 1.0 0.0 0.0 0.0 0.0 1.0 1.0 1.0 1.0 0.0 
Normals: 0.0 0.0 -1.0 0.0 0.0 -1.0 0.0 0.0 -1.0 0.0 0.0 -1.0 0.0 0.0 1.0 0.0 0.0 1.0 0.0 0.0 1.0 0.0 0.0 1.0 1.0 0.0 0.0 1.0 0.0 0.0 1.0 0.0 0.0 1.0 0.0 0.0 -1.0 0.0 0.0 -1.0 0.0 0.0 -1.0 0.0 0.0 -1.0 0.0 0.0 0.0 1.0 0.0 0.0 1.0 0.0 0.0 1.0 0.0 0.0 1.0 0.0 0.0 -1.0 0.0 0.0 -1.0 0.0 0.0 -1.0 0.0 0.0 -1.0 0.0 
Indices: 0 1 3 3 1 2 4 5 7 7 5 6 8 9 11 11 9 10 12 13 15 15 13 14 16 17 19 19 17 18 20 21 23 23 21 22 
Position: -10.561924 1.0 -0.93221897
Rotation: 0.0 0.0 0.0
Scale: 1.0 1.0 3.0
Tint: 1.0 1.0 1.0
Color: 0.2 0.2 0.2
Reflectivity: 0.0
SpecularStrength: 1.0
TexturePath: res/textures/white.png
CollisionMask: Obstacle
}
Entity4
{
Vertices: -0.5 0.5 -0.5 -0.5 -0.5 -0.5 0.5 -0.5 -0.5 0.5 0.5 -0.5 -0.5 0.5 0.5 -0.5 -0.5 0.5 0.5 -0.5 0.5 0.5 0.5 0.5 0.5 0.5 -0.5 0.5 -0.5 -0.5 0.5 -0.5 0.5 0.5 0.5 0.5 -0.5 0.5 -0.5 -0.5 -0.5 -0.5 -0.5 -0.5 0.5 -0.5 0.5 0.5 -0.5 0.5 0.5 -0.5 0.5 -0.5 0.5 0.5 -0.5 0.5 0.5 0.5 -0.5 -0.5 0.5 -0.5 -0.5 -0.5 0.5 -0.5 -0.5 0.5 -0.5 0.5 
TexCoords: 0.0 0.0 0.0 1.0 1.0 1.0 1.0 0.0 0.0 0.0 0.0 1.0 1.0 1.0 1.0 0.0 0.0 0.0 0.0 1.0 1.0 1.0 1.0 0.0 0.0 0.0 0.0 1.0 1.0 1.0 1.0 0.0 0.0 0.0 0.0 1.0 1.0 1.0 1.0 0.0 0.0 0.0 0.0 1.0 1.0 1.0 1.0 0.0 
Normals: 0.0 0.0 -1.0 0.0 0.0 -1.0 0.0 0.0 -1.0 0.0 0.0 -1.0 0.0 0.0 1.0 0.0 0.0 1.0 0.0 0.0 1.0 0.0 0.0 1.0 1.0 0.0 0.0 1.0 0.0 0.0 1.0 0.0 0.0 1.0 0.0 0.0 -1.0 0.0 0.0 -1.0 0.0 0.0 -1.0 0.0 0.0 -1.0 0.0 0.0 0.0 1.0 0.0 0.0 1.0 0.0 0.0 1.0 0.0 0.0 1.0 0.0 0.0 -1.0 0.0 0.0 -1.0 0.0 0.0 -1.0 0.0 0.0 -1.0 0.0 
Indices: 0 1 3 3 1 2 4 5 7 7 5 6 8 9 11 11 9 10 12 13 15 15 13 14 16 17 19 19 17 18 20 21 23 23 21 22 
Position: -20.837654 1.0 -0.11863609
Rotation: 0.0 0.0 0.0
Scale: 1.0 1.0 1.0
Tint: 1.0 1.0 1.0
Color: 0.2 0.2 0.2
Reflectivity: 0.0
SpecularStrength: 1.0
TexturePath: res/textures/white.png
CollisionMask: Obstacle
}
Entity3
{
Vertices: -0.5 0.5 -0.5 -0.5 -0.5 -0.5 0.5 -0.5 -0.5 0.5 0.5 -0.5 -0.5 0.5 0.5 -0.5 -0.5 0.5 0.5 -0.5 0.5 0.5 0.5 0.5 0.5 0.5 -0.5 0.5 -0.5 -0.5 0.5 -0.5 0.5 0.5 0.5 0.5 -0.5 0.5 -0.5 -0.5 -0.5 -0.5 -0.5 -0.5 0.5 -0.5 0.5 0.5 -0.5 0.5 0.5 -0.5 0.5 -0.5 0.5 0.5 -0.5 0.5 0.5 0.5 -0.5 -0.5 0.5 -0.5 -0.5 -0.5 0.5 -0.5 -0.5 0.5 -0.5 0.5 
TexCoords: 0.0 0.0 0.0 1.0 1.0 1.0 1.0 0.0 0.0 0.0 0.0 1.0 1.0 1.0 1.0 0.0 0.0 0.0 0.0 1.0 1.0 1.0 1.0 0.0 0.0 0.0 0.0 1.0 1.0 1.0 1.0 0.0 0.0 0.0 0.0 1.0 1.0 1.0 1.0 0.0 0.0 0.0 0.0 1.0 1.0 1.0 1.0 0.0 
Normals: 0.0 0.0 -1.0 0.0 0.0 -1.0 0.0 0.0 -1.0 0.0 0.0 -1.0 0.0 0.0 1.0 0.0 0.0 1.0 0.0 0.0 1.0 0.0 0.0 1.0 1.0 0.0 0.0 1.0 0.0 0.0 1.0 0.0 0.0 1.0 0.0 0.0 -1.0 0.0 0.0 -1.0 0.0 0.0 -1.0 0.0 0.0 -1.0 0.0 0.0 0.0 1.0 0.0 0.0 1.0 0.0 0.0 1.0 0.0 0.0 1.0 0.0 0.0 -1.0 0.0 0.0 -1.0 0.0 0.0 -1.0 0.0 0.0 -1.0 0.0 
Indices: 0 1 3 3 1 2 4 5 7 7 5 6 8 9 11 11 9 10 12 13 15 15 13 14 16 17 19 19 17 18 20 21 23 23 21 22 
Position: -23.378624 1.0 -1.9489913
Rotation: 0.0 0.0 0.0
Scale: 1.0 1.0 1.0
Tint: 1.0 1.0 1.0
Color: 0.2 0.2 0.2
Reflectivity: 0.0
SpecularStrength: 1.0
TexturePath: res/textures/white.png
CollisionMask: Obstacle
}
DuplicateEntity00
{
Vertices: -0.5 0.5 -0.5 -0.5 -0.5 -0.5 0.5 -0.5 -0.5 0.5 0.5 -0.5 -0.5 0.5 0.5 -0.5 -0.5 0.5 0.5 -0.5 0.5 0.5 0.5 0.5 0.5 0.5 -0.5 0.5 -0.5 -0.5 0.5 -0.5 0.5 0.5 0.5 0.5 -0.5 0.5 -0.5 -0.5 -0.5 -0.5 -0.5 -0.5 0.5 -0.5 0.5 0.5 -0.5 0.5 0.5 -0.5 0.5 -0.5 0.5 0.5 -0.5 0.5 0.5 0.5 -0.5 -0.5 0.5 -0.5 -0.5 -0.5 0.5 -0.5 -0.5 0.5 -0.5 0.5 
TexCoords: 0.0 0.0 0.0 1.0 1.0 1.0 1.0 0.0 0.0 0.0 0.0 1.0 1.0 1.0 1.0 0.0 0.0 0.0 0.0 1.0 1.0 1.0 1.0 0.0 0.0 0.0 0.0 1.0 1.0 1.0 1.0 0.0 0.0 0.0 0.0 1.0 1.0 1.0 1.0 0.0 0.0 0.0 0.0 1.0 1.0 1.0 1.0 0.0 
Normals: 0.0 0.0 -1.0 0.0 0.0 -1.0 0.0 0.0 -1.0 0.0 0.0 -1.0 0.0 0.0 1.0 0.0 0.0 1.0 0.0 0.0 1.0 0.0 0.0 1.0 1.0 0.0 0.0 1.0 0.0 0.0 1.0 0.0 0.0 1.0 0.0 0.0 -1.0 0.0 0.0 -1.0 0.0 0.0 -1.0 0.0 0.0 -1.0 0.0 0.0 0.0 1.0 0.0 0.0 1.0 0.0 0.0 1.0 0.0 0.0 1.0 0.0 0.0 -1.0 0.0 0.0 -1.0 0.0 0.0 -1.0 0.0 0.0 -1.0 0.0 
Indices: 0 1 3 3 1 2 4 5 7 7 5 6 8 9 11 11 9 10 12 13 15 15 13 14 16 17 19 19 17 18 20 21 23 23 21 22 
Position: -47.213997 1.1162915 1.2964793
Rotation: 0.0 0.0 0.0
Scale: 1.0 1.0 2.5
Tint: 0.6901961 0.69803923 0.72156864
Color: 0.2 0.2 0.2
Reflectivity: 0.0
SpecularStrength: 1.0
TexturePath: res/textures/white.png
CollisionMask: Obstacle
}
DuplicateEntity11
{
Vertices: -0.5 0.5 -0.5 -0.5 -0.5 -0.5 0.5 -0.5 -0.5 0.5 0.5 -0.5 -0.5 0.5 0.5 -0.5 -0.5 0.5 0.5 -0.5 0.5 0.5 0.5 0.5 0.5 0.5 -0.5 0.5 -0.5 -0.5 0.5 -0.5 0.5 0.5 0.5 0.5 -0.5 0.5 -0.5 -0.5 -0.5 -0.5 -0.5 -0.5 0.5 -0.5 0.5 0.5 -0.5 0.5 0.5 -0.5 0.5 -0.5 0.5 0.5 -0.5 0.5 0.5 0.5 -0.5 -0.5 0.5 -0.5 -0.5 -0.5 0.5 -0.5 -0.5 0.5 -0.5 0.5 
TexCoords: 0.0 0.0 0.0 1.0 1.0 1.0 1.0 0.0 0.0 0.0 0.0 1.0 1.0 1.0 1.0 0.0 0.0 0.0 0.0 1.0 1.0 1.0 1.0 0.0 0.0 0.0 0.0 1.0 1.0 1.0 1.0 0.0 0.0 0.0 0.0 1.0 1.0 1.0 1.0 0.0 0.0 0.0 0.0 1.0 1.0 1.0 1.0 0.0 
Normals: 0.0 0.0 -1.0 0.0 0.0 -1.0 0.0 0.0 -1.0 0.0 0.0 -1.0 0.0 0.0 1.0 0.0 0.0 1.0 0.0 0.0 1.0 0.0 0.0 1.0 1.0 0.0 0.0 1.0 0.0 0.0 1.0 0.0 0.0 1.0 0.0 0.0 -1.0 0.0 0.0 -1.0 0.0 0.0 -1.0 0.0 0.0 -1.0 0.0 0.0 0.0 1.0 0.0 0.0 1.0 0.0 0.0 1.0 0.0 0.0 1.0 0.0 0.0 -1.0 0.0 0.0 -1.0 0.0 0.0 -1.0 0.0 0.0 -1.0 0.0 
Indices: 0 1 3 3 1 2 4 5 7 7 5 6 8 9 11 11 9 10 12 13 15 15 13 14 16 17 19 19 17 18 20 21 23 23 21 22 
Position: -39.808563 1.0 1.5686754
Rotation: 0.0 0.0 0.0
Scale: 1.0 1.0 2.0
Tint: 0.6901961 0.69803923 0.72156864
Color: 0.2 0.2 0.2
Reflectivity: 0.0
SpecularStrength: 1.0
TexturePath: res/textures/white.png
CollisionMask: Obstacle
}
DuplicateEntity22
{
Vertices: -0.5 0.5 -0.5 -0.5 -0.5 -0.5 0.5 -0.5 -0.5 0.5 0.5 -0.5 -0.5 0.5 0.5 -0.5 -0.5 0.5 0.5 -0.5 0.5 0.5 0.5 0.5 0.5 0.5 -0.5 0.5 -0.5 -0.5 0.5 -0.5 0.5 0.5 0.5 0.5 -0.5 0.5 -0.5 -0.5 -0.5 -0.5 -0.5 -0.5 0.5 -0.5 0.5 0.5 -0.5 0.5 0.5 -0.5 0.5 -0.5 0.5 0.5 -0.5 0.5 0.5 0.5 -0.5 -0.5 0.5 -0.5 -0.5 -0.5 0.5 -0.5 -0.5 0.5 -0.5 0.5 
TexCoords: 0.0 0.0 0.0 1.0 1.0 1.0 1.0 0.0 0.0 0.0 0.0 1.0 1.0 1.0 1.0 0.0 0.0 0.0 0.0 1.0 1.0 1.0 1.0 0.0 0.0 0.0 0.0 1.0 1.0 1.0 1.0 0.0 0.0 0.0 0.0 1.0 1.0 1.0 1.0 0.0 0.0 0.0 0.0 1.0 1.0 1.0 1.0 0.0 
Normals: 0.0 0.0 -1.0 0.0 0.0 -1.0 0.0 0.0 -1.0 0.0 0.0 -1.0 0.0 0.0 1.0 0.0 0.0 1.0 0.0 0.0 1.0 0.0 0.0 1.0 1.0 0.0 0.0 1.0 0.0 0.0 1.0 0.0 0.0 1.0 0.0 0.0 -1.0 0.0 0.0 -1.0 0.0 0.0 -1.0 0.0 0.0 -1.0 0.0 0.0 0.0 1.0 0.0 0.0 1.0 0.0 0.0 1.0 0.0 0.0 1.0 0.0 0.0 -1.0 0.0 0.0 -1.0 0.0 0.0 -1.0 0.0 0.0 -1.0 0.0 
Indices: 0 1 3 3 1 2 4 5 7 7 5 6 8 9 11 11 9 10 12 13 15 15 13 14 16 17 19 19 17 18 20 21 23 23 21 22 
Position: -37.667156 1.0 0.0
Rotation: 0.0 0.0 0.0
Scale: 1.0 1.0 2.5
Tint: 0.6901961 0.69803923 0.72156864
Color: 0.2 0.2 0.2
Reflectivity: 0.0
SpecularStrength: 1.0
TexturePath: res/textures/white.png
CollisionMask: Obstacle
}
Entity2
{
Vertices: -0.5 0.5 -0.5 -0.5 -0.5 -0.5 0.5 -0.5 -0.5 0.5 0.5 -0.5 -0.5 0.5 0.5 -0.5 -0.5 0.5 0.5 -0.5 0.5 0.5 0.5 0.5 0.5 0.5 -0.5 0.5 -0.5 -0.5 0.5 -0.5 0.5 0.5 0.5 0.5 -0.5 0.5 -0.5 -0.5 -0.5 -0.5 -0.5 -0.5 0.5 -0.5 0.5 0.5 -0.5 0.5 0.5 -0.5 0.5 -0.5 0.5 0.5 -0.5 0.5 0.5 0.5 -0.5 -0.5 0.5 -0.5 -0.5 -0.5 0.5 -0.5 -0.5 0.5 -0.5 0.5 
TexCoords: 0.0 0.0 0.0 1.0 1.0 1.0 1.0 0.0 0.0 0.0 0.0 1.0 1.0 1.0 1.0 0.0 0.0 0.0 0.0 1.0 1.0 1.0 1.0 0.0 0.0 0.0 0.0 1.0 1.0 1.0 1.0 0.0 0.0 0.0 0.0 1.0 1.0 1.0 1.0 0.0 0.0 0.0 0.0 1.0 1.0 1.0 1.0 0.0 
Normals: 0.0 0.0 -1.0 0.0 0.0 -1.0 0.0 0.0 -1.0 0.0 0.0 -1.0 0.0 0.0 1.0 0.0 0.0 1.0 0.0 0.0 1.0 0.0 0.0 1.0 1.0 0.0 0.0 1.0 0.0 0.0 1.0 0.0 0.0 1.0 0.0 0.0 -1.0 0.0 0.0 -1.0 0.0 0.0 -1.0 0.0 0.0 -1.0 0.0 0.0 0.0 1.0 0.0 0.0 1.0 0.0 0.0 1.0 0.0 0.0 1.0 0.0 0.0 -1.0 0.0 0.0 -1.0 0.0 0.0 -1.0 0.0 0.0 -1.0 0.0 
Indices: 0 1 3 3 1 2 4 5 7 7 5 6 8 9 11 11 9 10 12 13 15 15 13 14 16 17 19 19 17 18 20 21 23 23 21 22 
Position: -34.0 1.0 1.5
Rotation: 0.0 0.0 0.0
Scale: 1.0 1.0 1.8
Tint: 1.0 1.0 1.0
Color: 0.2 0.2 0.2
Reflectivity: 0.0
SpecularStrength: 1.0
TexturePath: res/textures/white.png
CollisionMask: Obstacle
}
Entity1
{
Vertices: -0.5 0.5 -0.5 -0.5 -0.5 -0.5 0.5 -0.5 -0.5 0.5 0.5 -0.5 -0.5 0.5 0.5 -0.5 -0.5 0.5 0.5 -0.5 0.5 0.5 0.5 0.5 0.5 0.5 -0.5 0.5 -0.5 -0.5 0.5 -0.5 0.5 0.5 0.5 0.5 -0.5 0.5 -0.5 -0.5 -0.5 -0.5 -0.5 -0.5 0.5 -0.5 0.5 0.5 -0.5 0.5 0.5 -0.5 0.5 -0.5 0.5 0.5 -0.5 0.5 0.5 0.5 -0.5 -0.5 0.5 -0.5 -0.5 -0.5 0.5 -0.5 -0.5 0.5 -0.5 0.5 
TexCoords: 0.0 0.0 0.0 1.0 1.0 1.0 1.0 0.0 0.0 0.0 0.0 1.0 1.0 1.0 1.0 0.0 0.0 0.0 0.0 1.0 1.0 1.0 1.0 0.0 0.0 0.0 0.0 1.0 1.0 1.0 1.0 0.0 0.0 0.0 0.0 1.0 1.0 1.0 1.0 0.0 0.0 0.0 0.0 1.0 1.0 1.0 1.0 0.0 
Normals: 0.0 0.0 -1.0 0.0 0.0 -1.0 0.0 0.0 -1.0 0.0 0.0 -1.0 0.0 0.0 1.0 0.0 0.0 1.0 0.0 0.0 1.0 0.0 0.0 1.0 1.0 0.0 0.0 1.0 0.0 0.0 1.0 0.0 0.0 1.0 0.0 0.0 -1.0 0.0 0.0 -1.0 0.0 0.0 -1.0 0.0 0.0 -1.0 0.0 0.0 0.0 1.0 0.0 0.0 1.0 0.0 0.0 1.0 0.0 0.0 1.0 0.0 0.0 -1.0 0.0 0.0 -1.0 0.0 0.0 -1.0 0.0 0.0 -1.0 0.0 
Indices: 0 1 3 3 1 2 4 5 7 7 5 6 8 9 11 11 9 10 12 13 15 15 13 14 16 17 19 19 17 18 20 21 23 23 21 22 
Position: -16.720457 1.0 -0.108137086
Rotation: 0.0 0.0 0.0
Scale: 1.0 1.0 2.5
Tint: 1.0 1.0 1.0
Color: 0.2 0.2 0.2
Reflectivity: 0.0
SpecularStrength: 1.0
TexturePath: res/textures/white.png
CollisionMask: Obstacle
}
Entity0
{
Vertices: -0.5 0.5 -0.5 -0.5 -0.5 -0.5 0.5 -0.5 -0.5 0.5 0.5 -0.5 -0.5 0.5 0.5 -0.5 -0.5 0.5 0.5 -0.5 0.5 0.5 0.5 0.5 0.5 0.5 -0.5 0.5 -0.5 -0.5 0.5 -0.5 0.5 0.5 0.5 0.5 -0.5 0.5 -0.5 -0.5 -0.5 -0.5 -0.5 -0.5 0.5 -0.5 0.5 0.5 -0.5 0.5 0.5 -0.5 0.5 -0.5 0.5 0.5 -0.5 0.5 0.5 0.5 -0.5 -0.5 0.5 -0.5 -0.5 -0.5 0.5 -0.5 -0.5 0.5 -0.5 0.5 
TexCoords: 0.0 0.0 0.0 1.0 1.0 1.0 1.0 0.0 0.0 0.0 0.0 1.0 1.0 1.0 1.0 0.0 0.0 0.0 0.0 1.0 1.0 1.0 1.0 0.0 0.0 0.0 0.0 1.0 1.0 1.0 1.0 0.0 0.0 0.0 0.0 1.0 1.0 1.0 1.0 0.0 0.0 0.0 0.0 1.0 1.0 1.0 1.0 0.0 
Normals: 0.0 0.0 -1.0 0.0 0.0 -1.0 0.0 0.0 -1.0 0.0 0.0 -1.0 0.0 0.0 1.0 0.0 0.0 1.0 0.0 0.0 1.0 0.0 0.0 1.0 1.0 0.0 0.0 1.0 0.0 0.0 1.0 0.0 0.0 1.0 0.0 0.0 -1.0 0.0 0.0 -1.0 0.0 0.0 -1.0 0.0 0.0 -1.0 0.0 0.0 0.0 1.0 0.0 0.0 1.0 0.0 0.0 1.0 0.0 0.0 1.0 0.0 0.0 -1.0 0.0 0.0 -1.0 0.0 0.0 -1.0 0.0 0.0 -1.0 0.0 
Indices: 0 1 3 3 1 2 4 5 7 7 5 6 8 9 11 11 9 10 12 13 15 15 13 14 16 17 19 19 17 18 20 21 23 23 21 22 
Position: -23.789215 1.0 1.9053446
Rotation: 0.0 0.0 0.0
Scale: 1.0 1.0 1.0
Tint: 1.0 1.0 1.0
Color: 0.2 0.2 0.2
Reflectivity: 0.0
SpecularStrength: 1.0
TexturePath: res/textures/white.png
CollisionMask: Obstacle
}
